== Scoreboard


=============================================================================================
   COMPUTING SMOOTHING SPEEDUP for SSE-128
=============================================================================================
| Vector |   Original |   speedup   |   speedup   |   speedup   |   speedup   |   speedup   |
| Length |  Time [us] |    simple   | unrolling 2 | unrolling 3 | unrolling 4 | unrolling 8 |
+--------+------------+-------------+-------------+-------------+-------------+-------------+
|     16 |        4.6 |    0.884615 |    0.958333 |    0.410714 |    0.920000 |    0.171642 |
|     32 |       61.2 |    3.090909 |    3.600000 |    4.935484 |    5.563636 |    4.309859 |
|     64 |      237.4 |    2.799528 |    3.618902 |    2.580435 |    3.450581 |    3.440580 |
|    128 |      929.4 |    3.812141 |   10.707373 |   10.146288 |    4.732179 |    4.302778 |
|    256 |     2006.2 |    4.965842 |    5.876391 |    5.591416 |    6.393244 |    5.499452 |
|    512 |     4689.4 |    3.082698 |    3.663021 |    3.795241 |    3.982167 |    3.940010 |
|   1024 |    21119.0 |    2.736969 |    3.145236 |    3.231478 |    3.362470 |    3.361292 |
|   2048 |    93695.2 |    2.919054 |    3.363386 |    3.491712 |    3.595585 |    3.606880 |
|   4096 |   408000.6 |    3.171430 |    3.693677 |    3.836525 |    3.947367 |    3.982164 |
|   8192 |  1634784.8 |    3.165204 |    3.724790 |    3.882026 |    3.964539 |    4.029549 |
|  16384 |  6482300.2 |    3.153480 |    3.720566 |    3.879947 |    3.960604 |    4.033608 |
|  32768 | 25781057.0 |    3.144238 |    3.711833 |    3.877029 |    3.953504 |    4.032080 |
+--------+------------+-------------+-------------+-------------+-------------+-------------+



=============================================================================================
   COMPUTING SMOOTHING SPEEDUP for SSE-256
=============================================================================================
| Vector |   Original |   speedup   |   speedup   |   speedup   |   speedup   |   speedup   |
| Length |  Time [us] |    simple   | unrolling 2 | unrolling 3 | unrolling 4 | unrolling 8 |
+--------+------------+-------------+-------------+-------------+-------------+-------------+
|     16 |        4.6 |    0.489362 |    0.500000 |         inf |    0.230000 |    0.129213 |
|     32 |       58.4 |    2.413223 |    2.474576 |         inf |    2.433333 |    1.221757 |
|     64 |      237.8 |    3.339888 |    3.436416 |         inf |    3.406877 |    2.921376 |
|    128 |      308.6 |    3.946292 |    2.726148 |         inf |    2.377504 |    2.201141 |
|    256 |     1316.4 |    4.725054 |    4.922962 |         inf |    4.952596 |    5.178600 |
|    512 |     4859.0 |    4.836751 |    5.087958 |         inf |    4.876556 |    5.149428 |
|   1024 |    21204.4 |    2.220496 |    2.289348 |         inf |    2.305728 |    2.314183 |
|   2048 |    93763.0 |    2.067596 |    2.169375 |         inf |    2.190724 |    2.182342 |
|   4096 |   406793.0 |    2.153440 |    2.268620 |         inf |    2.275335 |    2.230049 |
|   8192 |  1623771.6 |    2.116458 |    2.237501 |         inf |    2.279346 |    2.264126 |
+--------+------------+-------------+-------------+-------------+-------------+-------------+

